#reader(lib"read.ss""wxme")WXME0108 ## 
#|
   This file uses the GRacket editor format.
   Open this file in DrRacket version 6.10 or later to read it.

   Most likely, it was created by saving a program in DrRacket,
   and it probably contains a program with non-text elements
   (such as images or comment boxes).

            http://racket-lang.org/
|#
 33 7 #"wxtext\0"
3 1 6 #"wxtab\0"
1 1 8 #"wximage\0"
2 0 8 #"wxmedia\0"
4 1 34 #"(lib \"syntax-browser.ss\" \"mrlib\")\0"
1 0 36 #"(lib \"cache-image-snip.ss\" \"mrlib\")\0"
1 0 68
(
 #"((lib \"image-core.ss\" \"mrlib\") (lib \"image-core-wxme.rkt\" \"mr"
 #"lib\"))\0"
) 1 0 16 #"drscheme:number\0"
3 0 44 #"(lib \"number-snip.ss\" \"drscheme\" \"private\")\0"
1 0 36 #"(lib \"comment-snip.ss\" \"framework\")\0"
1 0 93
(
 #"((lib \"collapsed-snipclass.ss\" \"framework\") (lib \"collapsed-sni"
 #"pclass-wxme.ss\" \"framework\"))\0"
) 0 0 43 #"(lib \"collapsed-snipclass.ss\" \"framework\")\0"
0 0 19 #"drscheme:sexp-snip\0"
0 0 29 #"drscheme:bindings-snipclass%\0"
1 0 101
(
 #"((lib \"ellipsis-snip.rkt\" \"drracket\" \"private\") (lib \"ellipsi"
 #"s-snip-wxme.rkt\" \"drracket\" \"private\"))\0"
) 2 0 88
(
 #"((lib \"pict-snip.rkt\" \"drracket\" \"private\") (lib \"pict-snip.r"
 #"kt\" \"drracket\" \"private\"))\0"
) 0 0 55
#"((lib \"snip.rkt\" \"pict\") (lib \"snip-wxme.rkt\" \"pict\"))\0"
1 0 34 #"(lib \"bullet-snip.rkt\" \"browser\")\0"
0 0 25 #"(lib \"matrix.ss\" \"htdp\")\0"
1 0 22 #"drscheme:lambda-snip%\0"
1 0 29 #"drclickable-string-snipclass\0"
0 0 26 #"drracket:spacer-snipclass\0"
0 0 57
#"(lib \"hrule-snip.rkt\" \"macro-debugger\" \"syntax-browser\")\0"
1 0 26 #"drscheme:pict-value-snip%\0"
0 0 45 #"(lib \"image-snipr.ss\" \"slideshow\" \"private\")\0"
1 0 38 #"(lib \"pict-snipclass.ss\" \"slideshow\")\0"
2 0 55 #"(lib \"vertical-separator-snip.ss\" \"stepper\" \"private\")\0"
1 0 18 #"drscheme:xml-snip\0"
1 0 31 #"(lib \"xml-snipclass.ss\" \"xml\")\0"
1 0 21 #"drscheme:scheme-snip\0"
2 0 34 #"(lib \"scheme-snipclass.ss\" \"xml\")\0"
1 0 10 #"text-box%\0"
1 0 32 #"(lib \"text-snipclass.ss\" \"xml\")\0"
1 0 1 6 #"wxloc\0"
          0 0 71 0 1 #"\0"
0 75 1 #"\0"
0 12 90 -1 90 -1 3 -1 0 1 0 1 0 0 0 0 0 0 0 0 0 0 0 255 255 255 1 -1 0 9
#"Standard\0"
0 75 6 #"Menlo\0"
0 12 90 -1 90 -1 3 -1 0 1 0 1 0 0 0 0 0 0 0 0 0 0 0 255 255 255 1 -1 2 1
#"\0"
0 -1 1 #"\0"
1 0 -1 -1 -1 -1 -1 -1 0 0 0 0 0 0 1 1 1 1 1 1 0 0 0 0 0 0 -1 -1 2 24
#"framework:default-color\0"
0 -1 1 #"\0"
1 0 -1 -1 -1 -1 -1 -1 0 0 0 0 0 0 0 0 0 1 1 1 0 0 0 0 0 0 -1 -1 2 1
#"\0"
0 -1 1 #"\0"
1 0 -1 -1 -1 -1 -1 -1 0 0 0 0 0 0 0 0 0 1 1 1 150 0 150 0 0 0 -1 -1 2 15
#"text:ports out\0"
0 -1 1 #"\0"
1 0 -1 -1 -1 93 -1 -1 0 1 0 0 0 0 0 0 0 1 1 1 150 0 150 0 0 0 -1 -1 2 1
#"\0"
0 -1 1 #"\0"
1.0 0 -1 -1 93 -1 -1 -1 0 0 0 0 0 0 0 0 0 1.0 1.0 1.0 255 0 0 0 0 0 -1
-1 2 15 #"text:ports err\0"
0 -1 1 #"\0"
1 0 -1 -1 93 -1 -1 -1 0 1 0 0 0 0 0 0 0 1 1 1 255 0 0 0 0 0 -1 -1 2 1
#"\0"
0 -1 1 #"\0"
1 0 -1 -1 -1 -1 -1 -1 0 0 0 0 0 0 0 0 0 1 1 1 0 0 175 0 0 0 -1 -1 2 17
#"text:ports value\0"
0 -1 1 #"\0"
1 0 -1 -1 -1 93 -1 -1 0 1 0 0 0 0 0 0 0 1 1 1 0 0 175 0 0 0 -1 -1 2 1
#"\0"
0 -1 1 #"\0"
1.0 0 92 -1 -1 -1 -1 -1 0 0 0 0 0 0 0 0 0 1.0 1.0 1.0 34 139 34 0 0 0 -1
-1 2 27 #"Matching Parenthesis Style\0"
0 -1 1 #"\0"
1.0 0 92 -1 -1 -1 -1 -1 0 0 0 0 0 0 0 0 0 1.0 1.0 1.0 34 139 34 0 0 0 -1
-1 2 1 #"\0"
0 -1 1 #"\0"
1 0 -1 -1 -1 93 -1 -1 0 1 0 0 0 0 0 0 0 1 1 1 38 38 128 0 0 0 -1 -1 2 37
#"framework:syntax-color:scheme:symbol\0"
0 -1 1 #"\0"
1 0 -1 -1 -1 93 -1 -1 0 1 0 0 0 0 0 0 0 1 1 1 38 38 128 0 0 0 -1 -1 2 38
#"framework:syntax-color:scheme:keyword\0"
0 -1 1 #"\0"
1 0 -1 -1 -1 93 -1 -1 0 1 0 0 0 0 0 0 0 1 1 1 38 38 128 0 0 0 -1 -1 2 1
#"\0"
0 -1 1 #"\0"
1 0 -1 -1 -1 93 -1 -1 0 1 0 0 0 0 0 0 0 1 1 1 194 116 31 0 0 0 -1 -1 2
38 #"framework:syntax-color:scheme:comment\0"
0 -1 1 #"\0"
1 0 -1 -1 -1 93 -1 -1 0 1 0 0 0 0 0 0 0 1 1 1 194 116 31 0 0 0 -1 -1 2 1
#"\0"
0 -1 1 #"\0"
1 0 -1 -1 -1 93 -1 -1 0 1 0 0 0 0 0 0 0 1 1 1 41 128 38 0 0 0 -1 -1 2 37
#"framework:syntax-color:scheme:string\0"
0 -1 1 #"\0"
1 0 -1 -1 -1 93 -1 -1 0 1 0 0 0 0 0 0 0 1 1 1 41 128 38 0 0 0 -1 -1 2 35
#"framework:syntax-color:scheme:text\0"
0 -1 1 #"\0"
1 0 -1 -1 -1 93 -1 -1 0 1 0 0 0 0 0 0 0 1 1 1 41 128 38 0 0 0 -1 -1 2 39
#"framework:syntax-color:scheme:constant\0"
0 -1 1 #"\0"
1 0 -1 -1 -1 93 -1 -1 0 1 0 0 0 0 0 0 0 1 1 1 41 128 38 0 0 0 -1 -1 2 1
#"\0"
0 -1 1 #"\0"
1 0 -1 -1 -1 93 -1 -1 0 1 0 0 0 0 0 0 0 1 1 1 132 60 36 0 0 0 -1 -1 2 49
#"framework:syntax-color:scheme:hash-colon-keyword\0"
0 -1 1 #"\0"
1 0 -1 -1 -1 93 -1 -1 0 1 0 0 0 0 0 0 0 1 1 1 132 60 36 0 0 0 -1 -1 2 42
#"framework:syntax-color:scheme:parenthesis\0"
0 -1 1 #"\0"
1 0 -1 -1 -1 93 -1 -1 0 1 0 0 0 0 0 0 0 1 1 1 132 60 36 0 0 0 -1 -1 2 1
#"\0"
0 -1 1 #"\0"
1 0 -1 -1 -1 93 -1 -1 0 1 0 0 0 0 0 0 0 1 1 1 255 0 0 0 0 0 -1 -1 2 36
#"framework:syntax-color:scheme:error\0"
0 -1 1 #"\0"
1 0 -1 -1 -1 93 -1 -1 0 1 0 0 0 0 0 0 0 1 1 1 255 0 0 0 0 0 -1 -1 2 1
#"\0"
0 -1 1 #"\0"
1 0 -1 -1 -1 93 -1 -1 0 1 0 0 0 0 0 0 0 1 1 1 0 0 0 0 0 0 -1 -1 2 36
#"framework:syntax-color:scheme:other\0"
0 -1 1 #"\0"
1 0 -1 -1 -1 93 -1 -1 0 1 0 0 0 0 0 0 0 1 1 1 0 0 0 0 0 0 -1 -1 2 16
#"Misspelled Text\0"
0 -1 1 #"\0"
1 0 -1 -1 -1 -1 -1 -1 0 0 0 0 0 0 0 0 0 1 1 1 0 0 0 0 0 0 -1 -1 2 1
#"\0"
0 -1 1 #"\0"
1 0 -1 -1 -1 93 -1 -1 0 1 0 0 0 0 0 0 0 1 1 1 81 112 203 0 0 0 -1 -1 2
38 #"drracket:check-syntax:lexically-bound\0"
0 -1 1 #"\0"
1 0 -1 -1 -1 93 -1 -1 0 1 0 0 0 0 0 0 0 1 1 1 81 112 203 0 0 0 -1 -1 2 1
#"\0"
0 -1 1 #"\0"
1 0 -1 -1 -1 93 -1 -1 0 1 0 0 0 0 0 0 0 1 1 1 178 34 34 0 0 0 -1 -1 2 28
#"drracket:check-syntax:set!d\0"
0 -1 1 #"\0"
1 0 -1 -1 -1 93 -1 -1 0 1 0 0 0 0 0 0 0 1 1 1 178 34 34 0 0 0 -1 -1 2 37
#"drracket:check-syntax:unused-require\0"
0 -1 1 #"\0"
1 0 -1 -1 -1 93 -1 -1 0 1 0 0 0 0 0 0 0 1 1 1 255 0 0 0 0 0 -1 -1 2 36
#"drracket:check-syntax:free-variable\0"
0 -1 1 #"\0"
1 0 -1 -1 -1 93 -1 -1 0 1 0 0 0 0 0 0 0 1 1 1 255 0 0 0 0 0 -1 -1 2 1
#"\0"
0 -1 1 #"\0"
1 0 -1 -1 -1 93 -1 -1 0 1 0 0 0 0 0 0 0 1 1 1 68 0 203 0 0 0 -1 -1 2 31
#"drracket:check-syntax:imported\0"
0 -1 1 #"\0"
1 0 -1 -1 -1 93 -1 -1 0 1 0 0 0 0 0 0 0 1 1 1 68 0 203 0 0 0 -1 -1 2 47
#"drracket:check-syntax:my-obligation-style-pref\0"
0 -1 1 #"\0"
1 0 -1 -1 -1 93 -1 -1 0 1 0 0 0 0 0 0 0 1 1 1 178 34 34 0 0 0 -1 -1 2 1
#"\0"
0 -1 1 #"\0"
1 0 -1 -1 -1 93 -1 -1 0 1 0 0 0 0 0 0 0 1 1 1 0 116 0 0 0 0 -1 -1 2 50
#"drracket:check-syntax:their-obligation-style-pref\0"
0 -1 1 #"\0"
1 0 -1 -1 -1 93 -1 -1 0 1 0 0 0 0 0 0 0 1 1 1 0 116 0 0 0 0 -1 -1 2 48
#"drracket:check-syntax:unk-obligation-style-pref\0"
0 -1 1 #"\0"
1 0 -1 -1 -1 93 -1 -1 0 1 0 0 0 0 0 0 0 1 1 1 0 0 0 0 0 0 -1 -1 2 1
#"\0"
0 -1 1 #"\0"
1 0 -1 -1 -1 93 -1 -1 0 1 0 0 0 0 0 0 0 1 1 1 139 142 28 0 0 0 -1 -1 2
49 #"drracket:check-syntax:both-obligation-style-pref\0"
0 -1 1 #"\0"
1 0 -1 -1 -1 93 -1 -1 0 1 0 0 0 0 0 0 0 1 1 1 139 142 28 0 0 0 -1 -1 2
26 #"plt:htdp:test-coverage-on\0"
0 -1 1 #"\0"
1 0 -1 -1 -1 93 -1 -1 0 1 0 0 0 0 0 0 0 1 1 1 0 0 0 0 0 0 -1 -1 2 1
#"\0"
0 -1 1 #"\0"
1 0 -1 -1 -1 93 -1 -1 0 1 0 0 0 1 0 0 0 0 0 0 255 165 0 0 0 0 -1 -1 2 27
#"plt:htdp:test-coverage-off\0"
0 -1 1 #"\0"
1 0 -1 -1 -1 93 -1 -1 0 1 0 0 0 1 0 0 0 0 0 0 255 165 0 0 0 0 -1 -1 4 1
#"\0"
0 70 1 #"\0"
1.0 0 -1 -1 -1 -1 -1 -1 0 0 0 0 0 0 1.0 1.0 1.0 1.0 1.0 1.0 0 0 0 0 0 0
-1 -1 4 4 #"XML\0"
0 70 1 #"\0"
1.0 0 -1 -1 -1 -1 -1 -1 0 0 0 0 0 0 1.0 1.0 1.0 1.0 1.0 1.0 0 0 0 0 0 0
-1 -1 2 37 #"plt:module-language:test-coverage-on\0"
0 -1 1 #"\0"
1 0 -1 -1 -1 93 -1 -1 0 1 0 0 0 0 0 0 0 1 1 1 0 0 0 0 0 0 -1 -1 2 38
#"plt:module-language:test-coverage-off\0"
0 -1 1 #"\0"
1 0 -1 -1 -1 93 -1 -1 0 1 0 0 0 1 0 0 0 0 0 0 255 165 0 0 0 0 -1 -1 4 1
#"\0"
0 71 1 #"\0"
1.0 0 -1 -1 -1 -1 -1 -1 0 0 0 0 0 0 1.0 1.0 1.0 1.0 1.0 1.0 0 0 0 0 0 0
-1 -1 4 1 #"\0"
0 -1 1 #"\0"
1.0 0 -1 -1 -1 -1 -1 -1 1 0 0 0 0 0 0 0 0 1.0 1.0 1.0 0 0 255 0 0 0 -1
-1 4 1 #"\0"
0 71 1 #"\0"
1.0 0 -1 -1 -1 -1 -1 -1 1 0 0 0 0 0 0 0 0 1.0 1.0 1.0 0 0 255 0 0 0 -1
-1 4 1 #"\0"
0 71 1 #"\0"
1.0 0 -1 -1 -1 -1 -1 -1 0 0 0 0 0 0 0 0 0 1.0 1.0 1.0 0 100 0 0 0 0 -1
-1 2 1 #"\0"
0 71 1 #"\0"
1.0 0 -1 -1 -1 -1 -1 -1 0 0 0 0 0 0 1.0 1.0 1.0 1.0 1.0 1.0 0 0 0 0 0 0
-1 -1 2 1 #"\0"
0 71 1 #"\0"
1.0 0 -1 -1 -1 -1 -1 -1 0 0 0 0 0 0 0 0 0 1.0 1.0 1.0 0 100 0 0 0 0 -1
-1 24 1 #"\0"
0 -1 1 #"\0"
1.0 0 -1 -1 -1 -1 -1 -1 0 0 0 0 1 0 0 0 0 0 0 0 0 0 0 255 255 255 -1 -1
15 1 #"\0"
0 -1 1 #"\0"
1.0 0 -1 -1 -1 -1 -1 -1 0 0 0 0 1 0 0 0 0 0 0 0 0 0 0 255 255 255 -1 -1
44 1 #"\0"
0 -1 1 #"\0"
1.0 0 -1 -1 -1 -1 -1 -1 0 0 0 0 1 0 0 0 0 0 0 0 0 0 0 255 255 255 -1 -1
17 1 #"\0"
0 -1 1 #"\0"
1.0 0 -1 -1 -1 -1 -1 -1 0 0 0 0 1 0 0 0 0 0 0 0 0 0 0 255 255 255 -1 -1
4 1 #"\0"
0 -1 1 #"\0"
1.0 0 -1 -1 -1 -1 -1 -1 0 0 0 0 1 0 0 0 0 0 0 0 0 0 0 255 255 255 -1 -1
46 1 #"\0"
0 -1 1 #"\0"
1.0 0 -1 -1 -1 -1 -1 -1 0 0 0 0 1 0 0 0 0 0 0 0 0 0 0 255 255 255 -1 -1
14 1 #"\0"
0 -1 1 #"\0"
1.0 0 -1 -1 -1 -1 -1 -1 0 0 0 0 1 0 0 0 0 0 0 0 0 0 0 255 255 255 -1 -1
2 1 #"\0"
0 -1 1 #"\0"
1.0 0 -1 -1 -1 -1 -1 -1 1 0 0 0 0 0 1.0 1.0 1.0 1.0 1.0 1.0 0 0 0 0 0 0
-1 -1 2 1 #"\0"
0 -1 1 #"\0"
1.0 0 -1 -1 -1 -1 -1 -1 1 0 0 0 0 0 0 0 0 1.0 1.0 1.0 65 105 225 0 0 0
-1 -1 19 1 #"\0"
0 -1 1 #"\0"
1.0 0 -1 -1 -1 -1 -1 -1 0 0 0 0 1 0 0 0 0 0 0 0 0 0 0 255 255 255 -1 -1
2 1 #"\0"
0 -1 1 #"\0"
1 0 -1 -1 -1 -1 -1 -1 0 0 0 0 0 0 0 0 0 1 1 1 200 0 0 0 0 0 -1 -1 4 1
#"\0"
0 -1 1 #"\0"
1.0 0 92 -1 -1 -1 -1 -1 0 0 0 0 0 1 0 0 0 0 0 0 0 0 0 255 255 0 -1 -1 0
1 #"\0"
0 -1 1 #"\0"
0 13 -1 -1 -1 -1 -1 -1 0 0 0 0 0 0 1.0 1.0 1.0 1.0 1.0 1.0 0 0 0 0 0 0
-1 -1 2 1 #"\0"
0 -1 1 #"\0"
0 13 -1 -1 -1 -1 -1 -1 0 0 0 0 0 0 1.0 1.0 1.0 1.0 1.0 1.0 0 0 0 0 0 0
-1 -1           0 918 0 4 3 85
(
 #";; The first three lines of this file were inserted by DrRacket. The"
 #"y record metadata"
) 0 0 4 29 1 #"\n"
0 0 4 3 85
(
 #";; about the language level of this file in a form that our tools ca"
 #"n easily process."
) 0 0 4 29 1 #"\n"
0 0 4 3 98
(
 #"#reader(lib \"htdp-intermediate-lambda-reader.ss\" \"lang\")((modnam"
 #"e |multiplying circles w colour|) "
) 0 0 4 3 269
(
 #"(read-case-sensitive #t) (teachpacks ((lib \"universe.rkt\" \"teachp"
 #"ack\" \"2htdp\") (lib \"image.rkt\" \"teachpack\" \"2htdp\"))) (htdp"
 #"-settings #(#t constructor repeating-decimal #f #t none #f ((lib \"u"
 #"niverse.rkt\" \"teachpack\" \"2htdp\") (lib \"image.rkt\" \"teachpac"
 #"k\" \"2htdp\")) #f)))"
) 0 0 4 29 1 #"\n"
0 0 24 3 1 #"("
0 0 15 3 6 #"define"
0 0 24 3 1 #" "
0 0 14 3 3 #"loc"
0 0 24 3 2 #" ("
0 0 14 3 4 #"list"
0 0 24 3 1 #" "
0 0 19 3 8 #"\"tomato\""
0 0 24 3 1 #" "
0 0 19 3 8 #"\"maroon\""
0 0 24 3 1 #" "
0 0 19 3 11 #"\"chocolate\""
0 0 24 3 1 #" "
0 0 19 3 12 #"\"darkOrange\""
0 0 24 3 1 #" "
0 0 19 3 8 #"\"salmon\""
0 0 24 3 1 #" "
0 0 19 3 11 #"\"goldenrod\""
0 0 24 29 1 #"\n"
0 0 24 3 18 #"                  "
0 0 19 3 6 #"\"gold\""
0 0 24 3 1 #" "
0 0 19 3 7 #"\"olive\""
0 0 24 3 1 #" "
0 0 19 3 7 #"\"khaki\""
0 0 24 3 1 #" "
0 0 19 3 11 #"\"darkkhaki\""
0 0 24 3 1 #" "
0 0 19 3 16 #"\"blanchedalmond\""
0 0 24 3 1 #" "
0 0 19 3 13 #"\"yellowgreen\""
0 0 24 29 1 #"\n"
0 0 24 3 18 #"                  "
0 0 19 3 19 #"\"mediumspringgreen\""
0 0 24 3 1 #" "
0 0 19 3 16 #"\"mediumseagreen\""
0 0 24 3 1 #" "
0 0 19 3 11 #"\"turquoise\""
0 0 24 3 1 #" "
0 0 19 3 18 #"\"mediumaquamarine\""
0 0 24 29 1 #"\n"
0 0 24 3 18 #"                  "
0 0 19 3 15 #"\"lightseagreen\""
0 0 24 3 1 #" "
0 0 19 3 13 #"\"deepskyblue\""
0 0 24 3 1 #" "
0 0 19 3 11 #"\"steelblue\""
0 0 24 3 1 #" "
0 0 19 3 14 #"\"lightskyblue\""
0 0 24 29 1 #"\n"
0 0 24 3 18 #"                  "
0 0 19 3 15 #"\"darkturquoise\""
0 0 24 3 1 #" "
0 0 19 3 9 #"\"skyblue\""
0 0 24 3 1 #" "
0 0 19 3 11 #"\"lightblue\""
0 0 24 3 1 #" "
0 0 19 3 11 #"\"slateblue\""
0 0 24 3 1 #" "
0 0 19 3 15 #"\"darkslateblue\""
0 0 24 29 1 #"\n"
0 0 24 3 18 #"                  "
0 0 19 3 14 #"\"mediumpurple\""
0 0 24 3 1 #" "
0 0 19 3 14 #"\"mediumorchid\""
0 0 24 3 1 #" "
0 0 19 3 6 #"\"plum\""
0 0 24 3 2 #"))"
0 0 24 29 1 #"\n"
0 0 24 3 1 #"("
0 0 15 3 6 #"define"
0 0 24 3 2 #" ("
0 0 14 3 6 #"colour"
0 0 24 3 1 #" "
0 0 14 3 3 #"loc"
0 0 24 3 1 #")"
0 0 24 29 1 #"\n"
0 0 24 3 3 #"  ("
0 0 15 3 5 #"local"
0 0 24 29 1 #"\n"
0 0 24 3 6 #"    [("
0 0 15 3 6 #"define"
0 0 24 3 1 #" "
0 0 14 3 1 #"n"
0 0 24 3 2 #" ("
0 0 14 3 6 #"random"
0 0 24 3 2 #" ("
0 0 14 3 6 #"length"
0 0 24 3 1 #" "
0 0 14 3 3 #"loc"
0 0 24 3 3 #")))"
0 0 24 29 1 #"\n"
0 0 24 3 6 #"     ("
0 0 15 3 6 #"define"
0 0 24 3 2 #" ("
0 0 14 3 4 #"rand"
0 0 24 3 1 #" "
0 0 14 3 3 #"lst"
0 0 24 3 1 #" "
0 0 14 3 1 #"x"
0 0 24 3 1 #")"
0 0 24 29 1 #"\n"
0 0 24 3 8 #"       ("
0 0 15 3 4 #"cond"
0 0 24 29 1 #"\n"
0 0 24 3 11 #"         [("
0 0 14 3 5 #"zero?"
0 0 24 3 1 #" "
0 0 14 3 1 #"x"
0 0 24 3 3 #") ("
0 0 14 3 5 #"first"
0 0 24 3 1 #" "
0 0 14 3 3 #"lst"
0 0 24 3 2 #")]"
0 0 24 29 1 #"\n"
0 0 24 3 10 #"         ["
0 0 14 3 4 #"else"
0 0 24 3 2 #" ("
0 0 14 3 4 #"rand"
0 0 24 3 2 #" ("
0 0 14 3 4 #"rest"
0 0 24 3 1 #" "
0 0 14 3 3 #"lst"
0 0 24 3 3 #") ("
0 0 14 3 4 #"sub1"
0 0 24 3 1 #" "
0 0 14 3 1 #"x"
0 0 24 3 6 #"))]))]"
0 0 24 29 1 #"\n"
0 0 24 3 5 #"    ("
0 0 14 3 4 #"rand"
0 0 24 3 1 #" "
0 0 14 3 3 #"loc"
0 0 24 3 1 #" "
0 0 14 3 1 #"n"
0 0 24 3 3 #")))"
0 0 24 29 1 #"\n"
0 0 24 29 1 #"\n"
0 0 24 29 1 #"\n"
0 0 24 3 1 #"("
0 0 15 3 6 #"define"
0 0 24 3 1 #" "
0 0 14 3 1 #"c"
0 0 24 3 1 #" "
0 0 19 3 15 #"\"darkslateblue\""
0 0 24 3 1 #")"
0 0 24 29 1 #"\n"
0 0 24 3 1 #"("
0 0 15 3 6 #"define"
0 0 24 3 1 #" "
0 0 14 3 1 #"s"
0 0 24 3 1 #" "
0 0 19 3 7 #"\"solid\""
0 0 24 3 1 #")"
0 0 24 29 1 #"\n"
0 0 24 3 1 #"("
0 0 15 3 6 #"define"
0 0 24 3 1 #" "
0 0 14 3 4 #"size"
0 0 24 3 1 #" "
0 0 21 3 3 #"600"
0 0 24 3 1 #")"
0 0 24 29 1 #"\n"
0 0 24 3 1 #"("
0 0 15 3 6 #"define"
0 0 24 3 1 #" "
0 0 14 3 4 #"prop"
0 0 24 3 2 #" ("
0 0 14 3 1 #"/"
0 0 24 3 1 #" "
0 0 14 3 4 #"size"
0 0 24 3 1 #" "
0 0 21 3 1 #"2"
0 0 24 3 2 #"))"
0 0 24 29 1 #"\n"
0 0 24 29 1 #"\n"
0 0 24 3 1 #"("
0 0 15 3 13 #"define-struct"
0 0 24 3 1 #" "
0 0 14 3 7 #"icircle"
0 0 24 3 2 #" ("
0 0 14 3 1 #"r"
0 0 24 3 1 #" "
0 0 14 3 1 #"x"
0 0 24 3 1 #" "
0 0 14 3 1 #"y"
0 0 24 3 1 #" "
0 0 14 3 3 #"col"
0 0 24 3 2 #"))"
0 0 24 29 1 #"\n"
0 0 17 3 42 #";; icircle is a make-icircle (Nat Nat Nat)"
0 0 24 29 1 #"\n"
0 0 17 3 30 #";; (x y) is the circle' origin"
0 0 24 29 1 #"\n"
0 0 24 29 1 #"\n"
0 0 24 29 1 #"\n"
0 0 17 3 55 #";; draw circles takes in a list of all the icircles and"
0 0 24 29 1 #"\n"
0 0 17 3 13 #";; draws them"
0 0 24 29 1 #"\n"
0 0 24 3 1 #"("
0 0 15 3 6 #"define"
0 0 24 3 2 #" ("
0 0 14 3 11 #"draw-circle"
0 0 24 3 1 #" "
0 0 14 3 3 #"lic"
0 0 24 3 1 #")"
0 0 24 29 1 #"\n"
0 0 24 3 3 #"  ("
0 0 15 3 5 #"local"
0 0 24 29 1 #"\n"
0 0 24 3 6 #"    [("
0 0 15 3 6 #"define"
0 0 24 3 1 #" "
0 0 14 3 5 #"radii"
0 0 24 3 2 #" ("
0 0 14 3 5 #"foldr"
0 0 24 3 2 #" ("
0 0 15 3 6 #"lambda"
0 0 24 3 2 #" ("
0 0 14 3 1 #"f"
0 0 24 3 1 #" "
0 0 14 3 1 #"r"
0 0 24 3 3 #") ("
0 0 14 3 4 #"cons"
0 0 24 3 2 #" ("
0 0 14 3 9 #"icircle-r"
0 0 24 3 1 #" "
0 0 14 3 1 #"f"
0 0 24 3 2 #") "
0 0 14 3 1 #"r"
0 0 24 3 3 #")) "
0 0 14 3 5 #"empty"
0 0 24 3 1 #" "
0 0 14 3 3 #"lic"
0 0 24 3 2 #"))"
0 0 24 29 1 #"\n"
0 0 24 3 6 #"     ("
0 0 15 3 6 #"define"
0 0 24 3 1 #" "
0 0 14 3 2 #"xs"
0 0 24 3 2 #" ("
0 0 14 3 5 #"foldr"
0 0 24 3 2 #" ("
0 0 15 3 6 #"lambda"
0 0 24 3 2 #" ("
0 0 14 3 1 #"f"
0 0 24 3 1 #" "
0 0 14 3 1 #"r"
0 0 24 3 3 #") ("
0 0 14 3 4 #"cons"
0 0 24 3 2 #" ("
0 0 14 3 9 #"icircle-x"
0 0 24 3 1 #" "
0 0 14 3 1 #"f"
0 0 24 3 2 #") "
0 0 14 3 1 #"r"
0 0 24 3 3 #")) "
0 0 14 3 5 #"empty"
0 0 24 3 1 #" "
0 0 14 3 3 #"lic"
0 0 24 3 2 #"))"
0 0 24 29 1 #"\n"
0 0 24 3 6 #"     ("
0 0 15 3 6 #"define"
0 0 24 3 1 #" "
0 0 14 3 2 #"ys"
0 0 24 3 2 #" ("
0 0 14 3 5 #"foldr"
0 0 24 3 2 #" ("
0 0 15 3 6 #"lambda"
0 0 24 3 2 #" ("
0 0 14 3 1 #"f"
0 0 24 3 1 #" "
0 0 14 3 1 #"r"
0 0 24 3 3 #") ("
0 0 14 3 4 #"cons"
0 0 24 3 2 #" ("
0 0 14 3 9 #"icircle-y"
0 0 24 3 1 #" "
0 0 14 3 1 #"f"
0 0 24 3 2 #") "
0 0 14 3 1 #"r"
0 0 24 3 3 #")) "
0 0 14 3 5 #"empty"
0 0 24 3 1 #" "
0 0 14 3 3 #"lic"
0 0 24 3 2 #"))"
0 0 24 29 1 #"\n"
0 0 24 3 6 #"     ("
0 0 15 3 6 #"define"
0 0 24 3 1 #" "
0 0 14 3 4 #"cols"
0 0 24 3 2 #" ("
0 0 14 3 5 #"foldr"
0 0 24 3 2 #" ("
0 0 15 3 6 #"lambda"
0 0 24 3 2 #" ("
0 0 14 3 1 #"f"
0 0 24 3 1 #" "
0 0 14 3 1 #"r"
0 0 24 3 3 #") ("
0 0 14 3 4 #"cons"
0 0 24 3 2 #" ("
0 0 14 3 11 #"icircle-col"
0 0 24 3 1 #" "
0 0 14 3 1 #"f"
0 0 24 3 2 #") "
0 0 14 3 1 #"r"
0 0 24 3 3 #")) "
0 0 14 3 5 #"empty"
0 0 24 3 1 #" "
0 0 14 3 3 #"lic"
0 0 24 3 2 #"))"
0 0 24 29 1 #"\n"
0 0 24 3 6 #"     ("
0 0 15 3 6 #"define"
0 0 24 3 2 #" ("
0 0 14 3 12 #"make-circles"
0 0 24 3 1 #" "
0 0 14 3 5 #"radii"
0 0 24 3 1 #" "
0 0 14 3 4 #"cols"
0 0 24 3 1 #")"
0 0 24 29 1 #"\n"
0 0 24 3 8 #"       ("
0 0 15 3 4 #"cond"
0 0 24 29 1 #"\n"
0 0 24 3 11 #"         [("
0 0 14 3 6 #"empty?"
0 0 24 3 1 #" "
0 0 14 3 5 #"radii"
0 0 24 3 2 #") "
0 0 14 3 5 #"empty"
0 0 24 3 1 #"]"
0 0 24 29 1 #"\n"
0 0 24 3 10 #"         ["
0 0 14 3 4 #"else"
0 0 24 3 2 #" ("
0 0 14 3 4 #"cons"
0 0 24 3 2 #" ("
0 0 14 3 6 #"circle"
0 0 24 3 2 #" ("
0 0 14 3 5 #"first"
0 0 24 3 1 #" "
0 0 14 3 5 #"radii"
0 0 24 3 2 #") "
0 0 14 3 1 #"s"
0 0 24 3 2 #" ("
0 0 14 3 5 #"first"
0 0 24 3 1 #" "
0 0 14 3 4 #"cols"
0 0 24 3 4 #")) ("
0 0 14 3 12 #"make-circles"
0 0 24 3 2 #" ("
0 0 14 3 4 #"rest"
0 0 24 3 1 #" "
0 0 14 3 5 #"radii"
0 0 24 3 3 #") ("
0 0 14 3 4 #"rest"
0 0 24 3 1 #" "
0 0 14 3 4 #"cols"
0 0 24 3 6 #")))]))"
0 0 24 29 1 #"\n"
0 0 24 3 6 #"     ("
0 0 15 3 6 #"define"
0 0 24 3 2 #" ("
0 0 14 3 8 #"make-lop"
0 0 24 3 1 #" "
0 0 14 3 2 #"xs"
0 0 24 3 1 #" "
0 0 14 3 2 #"ys"
0 0 24 3 1 #")"
0 0 24 29 1 #"\n"
0 0 24 3 8 #"       ("
0 0 15 3 4 #"cond"
0 0 24 29 1 #"\n"
0 0 24 3 11 #"         [("
0 0 14 3 3 #"and"
0 0 24 3 2 #" ("
0 0 14 3 6 #"empty?"
0 0 24 3 1 #" "
0 0 14 3 2 #"xs"
0 0 24 3 3 #") ("
0 0 14 3 6 #"empty?"
0 0 24 3 1 #" "
0 0 14 3 2 #"ys"
0 0 24 3 3 #")) "
0 0 14 3 5 #"empty"
0 0 24 3 1 #"]"
0 0 24 29 1 #"\n"
0 0 24 3 10 #"         ["
0 0 14 3 4 #"else"
0 0 24 3 2 #" ("
0 0 14 3 4 #"cons"
0 0 24 3 2 #" ("
0 0 14 3 9 #"make-posn"
0 0 24 3 2 #" ("
0 0 14 3 5 #"first"
0 0 24 3 1 #" "
0 0 14 3 2 #"xs"
0 0 24 3 3 #") ("
0 0 14 3 5 #"first"
0 0 24 3 1 #" "
0 0 14 3 2 #"ys"
0 0 24 3 4 #")) ("
0 0 14 3 8 #"make-lop"
0 0 24 3 2 #" ("
0 0 14 3 4 #"rest"
0 0 24 3 1 #" "
0 0 14 3 2 #"xs"
0 0 24 3 3 #") ("
0 0 14 3 4 #"rest"
0 0 24 3 1 #" "
0 0 14 3 2 #"ys"
0 0 24 3 7 #")))]))]"
0 0 24 29 1 #"\n"
0 0 24 3 5 #"    ("
0 0 14 3 12 #"place-images"
0 0 24 29 1 #"\n"
0 0 24 3 6 #"     ("
0 0 14 3 12 #"make-circles"
0 0 24 3 1 #" "
0 0 14 3 5 #"radii"
0 0 24 3 1 #" "
0 0 14 3 4 #"cols"
0 0 24 3 1 #")"
0 0 24 29 1 #"\n"
0 0 24 3 6 #"     ("
0 0 14 3 8 #"make-lop"
0 0 24 3 1 #" "
0 0 14 3 2 #"xs"
0 0 24 3 1 #" "
0 0 14 3 2 #"ys"
0 0 24 3 1 #")"
0 0 24 29 1 #"\n"
0 0 24 3 6 #"     ("
0 0 14 3 11 #"empty-scene"
0 0 24 3 1 #" "
0 0 14 3 4 #"size"
0 0 24 3 1 #" "
0 0 14 3 4 #"size"
0 0 24 3 4 #"))))"
0 0 24 29 1 #"\n"
0 0 24 29 1 #"\n"
0 0 17 3 74
(
 #";;(draw-circle (list (make-icircle 40 250 250) (make-icircle 40 100 "
 #"100)))"
) 0 0 24 29 1 #"\n"
0 0 24 29 1 #"\n"
0 0 24 29 1 #"\n"
0 0 17 3 57 #";; (within-circle? x y c d r) consumes coordinates (x, y)"
0 0 24 29 1 #"\n"
0 0 17 3 59
#";; and a circle with origin (c,d) and radius r. it produces"
0 0 24 29 1 #"\n"
0 0 17 3 61
#";; true if the coordinates are in the circle, otherwise false"
0 0 24 29 1 #"\n"
0 0 17 3 42 #";; within-circle?: Num Num Icircle -> Bool"
0 0 24 29 1 #"\n"
0 0 24 3 1 #"("
0 0 15 3 6 #"define"
0 0 24 3 2 #" ("
0 0 14 3 14 #"within-circle?"
0 0 24 3 1 #" "
0 0 14 3 1 #"x"
0 0 24 3 1 #" "
0 0 14 3 1 #"y"
0 0 24 3 1 #" "
0 0 14 3 6 #"circle"
0 0 24 3 1 #")"
0 0 24 29 1 #"\n"
0 0 24 3 3 #"  ("
0 0 15 3 5 #"local"
0 0 24 29 1 #"\n"
0 0 24 3 6 #"    [("
0 0 15 3 6 #"define"
0 0 24 3 1 #" "
0 0 14 3 1 #"c"
0 0 24 3 2 #" ("
0 0 14 3 9 #"icircle-x"
0 0 24 3 1 #" "
0 0 14 3 6 #"circle"
0 0 24 3 2 #"))"
0 0 24 29 1 #"\n"
0 0 24 3 6 #"     ("
0 0 15 3 6 #"define"
0 0 24 3 1 #" "
0 0 14 3 1 #"d"
0 0 24 3 2 #" ("
0 0 14 3 9 #"icircle-y"
0 0 24 3 1 #" "
0 0 14 3 6 #"circle"
0 0 24 3 2 #"))"
0 0 24 29 1 #"\n"
0 0 24 3 6 #"     ("
0 0 15 3 6 #"define"
0 0 24 3 1 #" "
0 0 14 3 1 #"r"
0 0 24 3 2 #" ("
0 0 14 3 9 #"icircle-r"
0 0 24 3 1 #" "
0 0 14 3 6 #"circle"
0 0 24 3 2 #"))"
0 0 24 29 1 #"\n"
0 0 24 3 6 #"     ("
0 0 15 3 6 #"define"
0 0 24 3 1 #" "
0 0 14 3 4 #"dist"
0 0 24 3 2 #" ("
0 0 14 3 4 #"sqrt"
0 0 24 3 2 #" ("
0 0 14 3 1 #"+"
0 0 24 3 2 #" ("
0 0 14 3 4 #"expt"
0 0 24 3 2 #" ("
0 0 14 3 1 #"-"
0 0 24 3 1 #" "
0 0 14 3 1 #"x"
0 0 24 3 1 #" "
0 0 14 3 1 #"c"
0 0 24 3 2 #") "
0 0 21 3 1 #"2"
0 0 24 3 3 #") ("
0 0 14 3 4 #"expt"
0 0 24 3 2 #" ("
0 0 14 3 1 #"-"
0 0 24 3 1 #" "
0 0 14 3 1 #"y"
0 0 24 3 1 #" "
0 0 14 3 1 #"d"
0 0 24 3 2 #") "
0 0 21 3 1 #"2"
0 0 24 3 5 #"))))]"
0 0 24 29 1 #"\n"
0 0 24 3 5 #"    ("
0 0 15 3 4 #"cond"
0 0 24 29 1 #"\n"
0 0 24 3 8 #"      [("
0 0 14 3 1 #"<"
0 0 24 3 1 #" "
0 0 14 3 4 #"dist"
0 0 24 3 1 #" "
0 0 14 3 1 #"r"
0 0 24 3 2 #") "
0 0 14 3 4 #"true"
0 0 24 3 1 #"]"
0 0 24 29 1 #"\n"
0 0 24 3 7 #"      ["
0 0 14 3 4 #"else"
0 0 24 3 1 #" "
0 0 14 3 5 #"false"
0 0 24 3 4 #"])))"
0 0 24 29 1 #"\n"
0 0 24 29 1 #"\n"
0 0 24 29 1 #"\n"
0 0 17 3 69
(
 #";; function will take a circle and split it into four smaller circle"
 #"s"
) 0 0 24 29 1 #"\n"
0 0 24 3 1 #"("
0 0 15 3 6 #"define"
0 0 24 3 2 #" ("
0 0 14 3 5 #"split"
0 0 24 3 1 #" "
0 0 14 3 2 #"ic"
0 0 24 3 1 #")"
0 0 24 29 1 #"\n"
0 0 24 3 3 #"  ("
0 0 15 3 5 #"local"
0 0 24 29 1 #"\n"
0 0 24 3 6 #"    [("
0 0 15 3 6 #"define"
0 0 24 3 1 #" "
0 0 14 3 1 #"f"
0 0 24 3 2 #" ("
0 0 14 3 1 #"*"
0 0 24 3 1 #" "
0 0 21 3 3 #"0.5"
0 0 24 3 2 #" ("
0 0 14 3 9 #"icircle-r"
0 0 24 3 1 #" "
0 0 14 3 2 #"ic"
0 0 24 3 4 #")))]"
0 0 24 29 1 #"\n"
0 0 24 3 5 #"    ("
0 0 14 3 4 #"list"
0 0 24 3 2 #" ("
0 0 14 3 12 #"make-icircle"
0 0 24 3 1 #" "
0 0 14 3 1 #"f"
0 0 24 3 2 #" ("
0 0 14 3 1 #"-"
0 0 24 3 2 #" ("
0 0 14 3 9 #"icircle-x"
0 0 24 3 1 #" "
0 0 14 3 2 #"ic"
0 0 24 3 2 #") "
0 0 14 3 1 #"f"
0 0 24 3 3 #") ("
0 0 14 3 1 #"-"
0 0 24 3 2 #" ("
0 0 14 3 9 #"icircle-y"
0 0 24 3 1 #" "
0 0 14 3 2 #"ic"
0 0 24 3 2 #") "
0 0 14 3 1 #"f"
0 0 24 3 3 #") ("
0 0 14 3 6 #"colour"
0 0 24 3 1 #" "
0 0 14 3 3 #"loc"
0 0 24 3 2 #"))"
0 0 24 29 1 #"\n"
0 0 24 3 11 #"          ("
0 0 14 3 12 #"make-icircle"
0 0 24 3 1 #" "
0 0 14 3 1 #"f"
0 0 24 3 2 #" ("
0 0 14 3 1 #"+"
0 0 24 3 2 #" ("
0 0 14 3 9 #"icircle-x"
0 0 24 3 1 #" "
0 0 14 3 2 #"ic"
0 0 24 3 2 #") "
0 0 14 3 1 #"f"
0 0 24 3 3 #") ("
0 0 14 3 1 #"+"
0 0 24 3 2 #" ("
0 0 14 3 9 #"icircle-y"
0 0 24 3 1 #" "
0 0 14 3 2 #"ic"
0 0 24 3 2 #") "
0 0 14 3 1 #"f"
0 0 24 3 3 #") ("
0 0 14 3 6 #"colour"
0 0 24 3 1 #" "
0 0 14 3 3 #"loc"
0 0 24 3 2 #"))"
0 0 24 29 1 #"\n"
0 0 24 3 11 #"          ("
0 0 14 3 12 #"make-icircle"
0 0 24 3 1 #" "
0 0 14 3 1 #"f"
0 0 24 3 2 #" ("
0 0 14 3 1 #"-"
0 0 24 3 2 #" ("
0 0 14 3 9 #"icircle-x"
0 0 24 3 1 #" "
0 0 14 3 2 #"ic"
0 0 24 3 2 #") "
0 0 14 3 1 #"f"
0 0 24 3 3 #") ("
0 0 14 3 1 #"+"
0 0 24 3 2 #" ("
0 0 14 3 9 #"icircle-y"
0 0 24 3 1 #" "
0 0 14 3 2 #"ic"
0 0 24 3 2 #") "
0 0 14 3 1 #"f"
0 0 24 3 3 #") ("
0 0 14 3 6 #"colour"
0 0 24 3 1 #" "
0 0 14 3 3 #"loc"
0 0 24 3 2 #"))"
0 0 24 29 1 #"\n"
0 0 24 3 11 #"          ("
0 0 14 3 12 #"make-icircle"
0 0 24 3 1 #" "
0 0 14 3 1 #"f"
0 0 24 3 2 #" ("
0 0 14 3 1 #"+"
0 0 24 3 2 #" ("
0 0 14 3 9 #"icircle-x"
0 0 24 3 1 #" "
0 0 14 3 2 #"ic"
0 0 24 3 2 #") "
0 0 14 3 1 #"f"
0 0 24 3 3 #") ("
0 0 14 3 1 #"-"
0 0 24 3 2 #" ("
0 0 14 3 9 #"icircle-y"
0 0 24 3 1 #" "
0 0 14 3 2 #"ic"
0 0 24 3 2 #") "
0 0 14 3 1 #"f"
0 0 24 3 3 #") ("
0 0 14 3 6 #"colour"
0 0 24 3 1 #" "
0 0 14 3 3 #"loc"
0 0 24 3 5 #")))))"
0 0 24 29 1 #"\n"
0 0 24 29 1 #"\n"
0 0 17 3 37 #";; (split (make-icircle 100 375 125))"
0 0 24 29 1 #"\n"
0 0 24 29 1 #"\n"
0 0 17 3 37 #";; (split (make-icircle 200 250 250))"
0 0 24 29 1 #"\n"
0 0 24 29 1 #"\n"
0 0 17 3 27 #";; (split (make-icircle 50 "
0 8          10 17 6 #"625/2\0"
1 #"\0"
8 #"decimal\0"
2 #"1\0"
0 0 17 3 1 #" "
0 8          10 17 6 #"375/2\0"
1 #"\0"
8 #"decimal\0"
2 #"1\0"
0 0 17 3 2 #"))"
0 0 24 29 1 #"\n"
0 0 24 29 1 #"\n"
0 0 24 29 1 #"\n"
0 0 17 3 67
#";; function will take the mouse coordinates and the list of circles"
0 0 24 29 1 #"\n"
0 0 17 3 77
(
 #";; and return 4 smaller circles of the circle the mouse is currently"
 #" touching"
) 0 0 24 29 1 #"\n"
0 0 24 3 1 #"("
0 0 15 3 6 #"define"
0 0 24 3 2 #" ("
0 0 14 3 13 #"divide-circle"
0 0 24 3 1 #" "
0 0 14 3 1 #"x"
0 0 24 3 1 #" "
0 0 14 3 1 #"y"
0 0 24 3 1 #" "
0 0 14 3 3 #"lic"
0 0 24 3 1 #" "
0 0 14 3 9 #"unchanged"
0 0 24 3 1 #")"
0 0 24 29 1 #"\n"
0 0 24 3 3 #"  ("
0 0 15 3 4 #"cond"
0 0 24 29 1 #"\n"
0 0 24 3 6 #"    [("
0 0 14 3 6 #"empty?"
0 0 24 3 1 #" "
0 0 14 3 3 #"lic"
0 0 24 3 2 #") "
0 0 14 3 5 #"empty"
0 0 24 3 1 #"]"
0 0 24 29 1 #"\n"
0 0 24 3 6 #"    [("
0 0 14 3 14 #"within-circle?"
0 0 24 3 1 #" "
0 0 14 3 1 #"x"
0 0 24 3 1 #" "
0 0 14 3 1 #"y"
0 0 24 3 2 #" ("
0 0 14 3 5 #"first"
0 0 24 3 1 #" "
0 0 14 3 3 #"lic"
0 0 24 3 4 #")) ("
0 0 14 3 6 #"append"
0 0 24 3 2 #" ("
0 0 14 3 5 #"split"
0 0 24 3 2 #" ("
0 0 14 3 5 #"first"
0 0 24 3 1 #" "
0 0 14 3 3 #"lic"
0 0 24 3 4 #")) ("
0 0 14 3 4 #"rest"
0 0 24 3 1 #" "
0 0 14 3 3 #"lic"
0 0 24 3 3 #"))]"
0 0 24 29 1 #"\n"
0 0 24 3 5 #"    ["
0 0 14 3 4 #"else"
0 0 24 3 2 #" ("
0 0 14 3 4 #"cons"
0 0 24 3 2 #" ("
0 0 14 3 5 #"first"
0 0 24 3 1 #" "
0 0 14 3 3 #"lic"
0 0 24 3 3 #") ("
0 0 14 3 13 #"divide-circle"
0 0 24 3 1 #" "
0 0 14 3 1 #"x"
0 0 24 3 1 #" "
0 0 14 3 1 #"y"
0 0 24 3 2 #" ("
0 0 14 3 4 #"rest"
0 0 24 3 1 #" "
0 0 14 3 3 #"lic"
0 0 24 3 2 #") "
0 0 14 3 9 #"unchanged"
0 0 24 3 5 #"))]))"
0 0 24 29 1 #"\n"
0 0 24 29 1 #"\n"
0 0 24 29 1 #"\n"
0 0 17 3 73
(
 #";;(draw-circle (divide-circle 250 250 (list (make-icircle 200 250 25"
 #"0))))"
) 0 0 24 29 1 #"\n"
0 0 24 29 1 #"\n"
0 0 24 29 1 #"\n"
0 0 17 3 10 #";; wrapper"
0 0 24 29 1 #"\n"
0 0 24 3 1 #"("
0 0 15 3 6 #"define"
0 0 24 3 2 #" ("
0 0 14 3 6 #"divide"
0 0 24 3 1 #" "
0 0 14 3 1 #"x"
0 0 24 3 1 #" "
0 0 14 3 1 #"y"
0 0 24 3 1 #" "
0 0 14 3 3 #"lic"
0 0 24 3 1 #")"
0 0 24 29 1 #"\n"
0 0 24 3 3 #"  ("
0 0 14 3 13 #"divide-circle"
0 0 24 3 1 #" "
0 0 14 3 1 #"x"
0 0 24 3 1 #" "
0 0 14 3 1 #"y"
0 0 24 3 1 #" "
0 0 14 3 3 #"lic"
0 0 24 3 1 #" "
0 0 14 3 3 #"lic"
0 0 24 3 2 #"))"
0 0 24 29 1 #"\n"
0 0 24 29 1 #"\n"
0 0 24 29 1 #"\n"
0 0 17 3 22 #";(divide 360 130 (list"
0 0 24 29 1 #"\n"
0 0 17 3 44 #";                 (make-icircle 100 125 125)"
0 0 24 29 1 #"\n"
0 0 17 3 44 #";                 (make-icircle 100 375 125)"
0 0 24 29 1 #"\n"
0 0 17 3 44 #";                 (make-icircle 100 375 375)"
0 0 24 29 1 #"\n"
0 0 17 3 46 #";                 (make-icircle 100 125 375)))"
0 0 24 29 1 #"\n"
0 0 24 29 1 #"\n"
0 0 17 3 54 #";;(within-circle? 360 130  (make-icircle 100 375 125))"
0 0 24 29 1 #"\n"
0 0 24 29 1 #"\n"
0 0 24 29 1 #"\n"
0 0 24 3 1 #"("
0 0 15 3 6 #"define"
0 0 24 3 2 #" ("
0 0 14 3 5 #"click"
0 0 24 3 1 #" "
0 0 14 3 3 #"lic"
0 0 24 3 1 #" "
0 0 14 3 1 #"x"
0 0 24 3 1 #" "
0 0 14 3 1 #"y"
0 0 24 3 1 #" "
0 0 14 3 2 #"me"
0 0 24 3 1 #")"
0 0 24 29 1 #"\n"
0 0 24 3 3 #"  ("
0 0 15 3 4 #"cond"
0 0 24 29 1 #"\n"
0 0 24 3 6 #"    [("
0 0 14 3 7 #"mouse=?"
0 0 24 3 1 #" "
0 0 14 3 2 #"me"
0 0 24 3 1 #" "
0 0 19 3 6 #"\"move\""
0 0 24 3 3 #") ("
0 0 14 3 6 #"divide"
0 0 24 3 1 #" "
0 0 14 3 1 #"x"
0 0 24 3 1 #" "
0 0 14 3 1 #"y"
0 0 24 3 1 #" "
0 0 14 3 3 #"lic"
0 0 24 3 2 #")]"
0 0 24 29 1 #"\n"
0 0 24 3 5 #"    ["
0 0 14 3 4 #"else"
0 0 24 3 1 #" "
0 0 14 3 3 #"lic"
0 0 24 3 3 #"]))"
0 0 24 29 1 #"\n"
0 0 24 29 1 #"\n"
0 0 24 3 1 #"("
0 0 14 3 8 #"big-bang"
0 0 24 3 2 #" ("
0 0 14 3 4 #"list"
0 0 24 3 2 #" ("
0 0 14 3 12 #"make-icircle"
0 0 24 3 1 #" "
0 0 14 3 4 #"prop"
0 0 24 3 1 #" "
0 0 14 3 4 #"prop"
0 0 24 3 1 #" "
0 0 14 3 4 #"prop"
0 0 24 3 2 #" ("
0 0 14 3 6 #"colour"
0 0 24 3 1 #" "
0 0 14 3 3 #"loc"
0 0 24 3 3 #")))"
0 0 24 29 1 #"\n"
0 0 24 3 11 #"          ["
0 0 14 3 7 #"to-draw"
0 0 24 3 1 #" "
0 0 14 3 11 #"draw-circle"
0 0 24 3 1 #"]"
0 0 24 29 1 #"\n"
0 0 24 3 11 #"          ["
0 0 14 3 8 #"on-mouse"
0 0 24 3 1 #" "
0 0 14 3 5 #"click"
0 0 24 3 2 #"])"
0 0 24 29 1 #"\n"
0 0 24 29 1 #"\n"
0 0 24 29 1 #"\n"
0 0 17 3 45 #";; draw circle will draw this list of circles"
0 0 24 29 1 #"\n"
0 0 24 29 1 #"\n"
0 0 17 3 53 #";; mouse press will take in a list of all the circles"
0 0 24 29 1 #"\n"
0 0 24 29 1 #"\n"
0 0 24 29 1 #"\n"
0 0 24 29 1 #"\n"
0 0 17 3 44 #";; (split-circle (make-icircle 200 250 250))"
0 0 24 29 1 #"\n"
0 0 24 29 1 #"\n"
0 0 24 29 1 #"\n"
0 0 24 29 1 #"\n"
0 0 24 29 1 #"\n"
0           0
